Multiple size <= 100
TEST 1 ARG:12 14 38 54 85 96 11 63 3 76 16 31 29 84 87 61 74 34 78 30 40 7 41 44 26 94 24 52 32 21 15 6 88 2 55 65 53 82 43 36 69 73 67 47 56 75 25 42 71 97 9 0 91 80 99 23 1 62 10 48 90 72 59 51 13 5 49 20 46 45 92 28 58 86 57 33 35 79 22 39 98 27 19 77 50 70 17 66 18 89 68 37 81 4 83 93 95 8 60 64
TEST 2 ARG:91 8 0 12 94 16 48 87 68 92 44 19 81 50 66 88 37 75 86 15 71 28 55 98 65 72 67 13 99 51 60 20 46 77 9 4 24 96 43 22 18 3 32 74 40 6 93 83 76 10 95 25 41 97 30 54 84 1 29 33 63 57 89 35 70 59 61 26 39 78 90 42 2 23 73 62 27 47 31 52 7 21 49 82 5 69 38 80 58 14 79 56 85 17 36 45 11 34 53 64
TEST 3 ARG:78 36 47 30 51 68 55 58 8 24 20 90 70 11 79 81 89 28 93 50 32 21 86 99 60 12 44 33 43 84 88 75 76 34 31 54 87 40 72 19 9 3 62 52 14 4 26 53 5 15 85 22 64 35 80 6 38 27 91 63 16 37 69 59 95 74 67 83 7 98 65 2 61 92 57 97 39 96 73 42 82 48 0 10 94 41 77 17 45 29 56 1 13 46 71 18 49 66 23 25
TEST 4 ARG:85 55 33 46 93 28 53 1 92 78 21 35 27 42 84 56 20 37 47 58 17 69 50 9 97 26 23 74 11 14 15 36 65 88 73 29 70 25 40 76 80 54 72 77 68 2 0 67 96 83 6 61 3 24 48 87 8 63 30 31 94 91 4 98 41 32 82 52 57 19 18 22 34 10 59 79 66 51 60 62 43 38 90 49 45 13 44 86 99 95 39 16 81 64 5 7 71 89 75 12
TEST 5 ARG:67 96 71 94 6 40 29 45 83 44 2 43 58 82 33 31 97 73 23 56 19 0 47 49 22 20 86 77 62 35 61 69 15 21 52 57 81 17 32 3 4 72 14 36 99 25 24 84 63 10 27 26 9 93 91 34 74 87 11 13 66 55 37 68 76 38 12 50 5 46 51 85 41 18 53 65 92 95 60 90 64 39 16 54 80 7 88 89 28 42 70 48 75 1 98 79 8 59 30 78
TEST 6 ARG:21 20 26 89 0 18 94 43 34 44 22 78 57 28 60 83 54 39 73 56 93 52 64 50 67 68 38 41 58 82 70 12 84 98 72 86 1 2 85 29 77 66 45 61 16 24 23 49 25 35 99 30 4 40 96 13 71 55 3 47 7 75 88 9 27 15 91 17 42 87 59 14 74 32 80 33 8 79 48 95 65 92 53 97 46 5 10 69 19 51 6 31 11 37 81 90 63 76 62 36
TEST 7 ARG:58 37 31 63 78 68 15 83 86 96 44 81 60 62 61 6 55 19 23 76 98 94 4 70 12 35 14 52 85 27 91 42 36 45 79 75 18 43 99 51 66 56 32 64 84 7 69 1 95 87 77 54 0 57 22 38 65 82 41 73 9 47 8 3 30 59 26 89 13 10 53 28 33 16 39 20 74 93 46 67 40 90 2 71 48 11 88 24 17 80 97 72 34 49 50 29 21 5 92 25
TEST 8 ARG:19 69 66 94 28 51 18 0 10 97 74 56 35 86 79 57 14 47 42 95 91 1 70 30 17 41 4 7 92 63 87 25 84 93 36 55 64 75 71 53 24 83 13 21 52 78 77 37 88 76 31 9 54 98 68 65 45 48 26 49 85 43 29 34 89 60 44 15 80 62 23 8 22 61 58 2 81 99 46 27 5 3 32 20 12 59 82 16 50 96 73 90 72 33 38 67 39 40 11 6
TEST 9 ARG:57 46 69 27 3 59 49 66 81 14 86 93 42 11 35 65 40 31 16 51 89 95 13 88 58 75 91 0 54 52 70 18 19 9 60 71 5 22 90 21 43 63 94 37 50 29 97 2 78 4 32 10 84 30 8 44 26 24 96 73 56 41 33 45 61 34 6 1 23 28 62 7 47 82 77 76 20 55 79 83 15 72 74 39 99 17 85 68 38 25 87 98 53 92 12 67 80 48 36 64
TEST 10 ARG:67 94 46 34 28 84 70 77 73 58 21 60 22 95 79 6 45 37 82 39 66 76 90 91 12 20 33 25 52 16 9 18 19 49 42 3 62 88 4 35 8 87 43 5 54 56 11 89 15 47 64 24 23 86 83 92 32 29 78 31 97 96 72 71 10 57 17 0 36 55 40 81 69 99 75 14 74 63 80 2 85 65 61 1 44 30 51 41 50 53 98 48 27 68 93 13 59 26 38 7
TEST 11 ARG:11 4 70 3 37 12 68 30 24 93 9 91 38 87 35 36 50 5 85 86 99 33 26 67 29 95 79 69 53 98 47 8 19 60 41 78 64 90 32 48 52 39 88 92 62 71 21 84 82 59 40 2 25 63 20 56 23 45 46 74 14 10 55 22 51 18 28 15 94 44 96 13 49 0 66 76 6 89 65 81 80 83 16 7 54 72 43 73 31 57 97 34 1 58 17 75 77 42 61 27
TEST 12 ARG:91 87 9 39 22 94 6 36 92 71 68 4 84 35 48 77 81 24 89 25 80 44 1 8 76 2 40 85 57 63 0 5 58 88 82 46 19 11 55 12 29 32 93 13 15 90 28 27 66 74 30 61 98 95 56 97 52 62 38 17 59 31 54 47 10 96 18 21 79 51 34 43 37 64 75 41 83 20 45 16 69 73 65 3 67 70 42 26 50 14 86 99 53 60 49 23 7 72 33 78
TEST 13 ARG:75 89 8 32 2 17 24 25 64 56 78 46 55 19 29 66 39 53 96 49 13 1 92 61 7 37 95 6 57 21 65 93 35 12 87 47 11 9 74 51 38 48 14 18 52 33 76 36 59 20 69 81 41 97 27 15 44 79 31 70 50 84 62 28 88 98 85 23 73 43 72 99 80 5 4 22 54 83 71 3 16 91 60 94 42 34 45 0 82 10 86 30 63 68 67 26 58 77 40 90
TEST 14 ARG:28 64 83 34 18 12 79 86 85 55 80 25 36 13 53 71 57 14 41 77 4 89 2 56 66 96 52 8 26 30 31 74 63 72 1 33 49 54 23 48 46 29 91 76 75 11 87 10 92 62 21 50 94 99 19 16 59 84 42 37 70 90 24 45 82 98 51 35 3 6 78 17 68 15 44 40 95 97 27 38 5 60 69 65 32 22 61 93 9 81 58 67 47 20 0 39 7 73 43 88
TEST 15 ARG:24 99 48 14 46 61 91 33 66 10 11 67 13 12 19 85 64 62 56 42 7 4 96 30 20 26 59 29 18 94 58 41 69 37 23 73 5 39 92 81 74 53 75 27 25 49 54 82 88 57 47 60 86 71 89 72 16 38 97 35 70 79 15 90 9 32 3 2 36 28 68 65 78 84 77 95 43 51 76 98 8 63 6 34 45 87 40 80 31 55 17 0 1 83 93 50 22 52 21 44
TEST 16 ARG:14 47 70 82 30 12 96 76 54 94 44 77 0 24 19 89 38 50 17 73 52 15 86 21 85 78 97 60 72 41 32 7 25 26 63 28 98 80 61 66 11 45 22 40 46 31 4 13 55 83 6 99 69 91 87 16 29 71 62 51 37 57 48 20 95 2 93 34 79 43 1 39 8 67 42 81 23 59 10 9 88 49 53 92 5 27 75 33 84 90 64 36 35 56 3 58 68 65 18 74
TEST 17 ARG:61 14 47 1 60 81 76 6 70 46 36 26 99 33 98 19 86 2 8 80 94 82 41 78 21 23 11 22 66 7 87 5 95 91 3 30 32 74 75 37 88 96 53 20 64 71 77 45 56 25 92 69 9 27 39 24 57 89 38 31 65 97 63 48 17 4 49 84 73 55 18 59 16 29 34 67 93 13 90 54 0 52 43 68 85 51 35 83 12 44 15 10 58 72 79 28 42 50 40 62
TEST 18 ARG:24 10 84 49 92 90 30 78 70 98 93 56 88 28 34 45 5 60 18 74 26 61 69 48 38 51 21 13 80 58 3 47 19 7 62 73 0 9 17 40 86 37 79 29 65 55 53 36 64 20 67 52 14 83 32 8 66 1 4 33 94 89 46 72 82 41 97 11 2 43 85 22 54 25 12 63 77 68 23 91 71 87 42 6 16 39 31 44 95 27 15 96 59 35 76 50 81 75 99 57
TEST 19 ARG:53 36 92 52 85 65 73 84 33 20 39 77 37 95 88 70 57 54 82 74 55 4 58 81 15 64 98 96 6 94 79 63 21 48 86 29 68 56 69 5 0 43 87 7 23 1 17 89 32 18 46 90 13 12 83 40 45 67 14 2 11 34 35 22 38 99 47 76 9 28 78 80 59 61 75 49 62 25 71 66 16 60 72 41 3 97 91 24 10 31 93 51 42 30 44 50 19 8 26 27
TEST 20 ARG:97 71 85 38 20 9 8 23 90 14 49 55 73 3 94 42 95 47 80 51 37 82 18 84 19 59 65 12 68 25 50 13 2 56 81 32 53 29 48 61 77 63 39 45 15 93 43 79 60 78 92 26 33 69 74 86 28 67 52 98 16 66 99 22 64 41 27 58 10 24 89 30 36 7 72 91 1 6 88 46 83 5 70 11 57 44 40 54 35 0 31 76 87 21 75 34 96 17 62 4
TEST 21 ARG:68 99 64 94 43 77 30 79 74 83 61 96 75 17 89 88 48 8 1 4 0 34 51 6 58 24 3 66 81 49 84 50 41 54 95 23 91 69 53 44 20 12 87 16 28 13 25 38 14 36 70 67 31 26 65 5 2 80 72 40 46 37 19 27 35 73 57 7 56 32 63 9 42 11 47 29 62 93 78 71 18 76 90 98 92 85 82 39 55 10 22 21 60 59 15 45 33 86 97 52
TEST 22 ARG:17 6 8 52 0 11 1 38 90 81 64 99 44 33 88 37 20 30 28 62 18 71 94 55 12 13 95 41 4 74 82 66 35 76 97 80 63 87 19 91 83 70 24 73 49 27 21 34 7 42 61 79 56 59 96 39 3 68 78 29 93 72 25 75 84 65 48 77 9 89 31 50 85 92 10 14 53 36 32 2 40 54 5 51 22 86 45 47 98 26 43 46 15 57 23 58 69 16 60 67
TEST 23 ARG:9 56 59 63 46 27 21 55 41 14 79 52 76 81 95 2 53 47 49 8 44 78 96 62 23 67 3 4 91 30 32 50 57 15 94 92 72 65 19 11 34 17 0 25 42 73 84 90 16 40 29 77 20 43 71 18 70 80 60 54 22 99 33 82 87 51 89 66 58 98 69 83 35 26 74 93 31 48 86 6 37 64 1 10 24 68 75 97 38 85 45 5 61 88 36 7 12 39 28 13
TEST 24 ARG:2 20 75 42 7 27 76 33 46 94 91 97 82 43 96 5 79 93 30 49 66 55 70 40 32 9 57 1 84 10 29 77 80 58 3 38 85 14 0 56 88 34 64 23 45 89 4 44 48 52 8 73 39 21 67 35 37 19 18 71 62 47 83 90 99 12 60 59 15 17 78 68 51 26 13 24 87 69 6 36 53 92 16 25 41 22 54 98 86 63 72 61 81 28 50 31 95 65 74 11
TEST 26 ARG:86 12 28 87 68 81 55 94 88 34 8 0 72 5 47 79 50 90 18 26 59 7 9 2 19 27 75 73 74 69 29 54 17 46 1 85 67 65 63 98 60 25 22 66 80 71 38 33 89 52 49 56 57 62 91 21 11 70 77 31 45 44 53 20 13 36 84 24 43 58 10 82 61 83 23 3 15 78 6 32 37 97 95 16 35 4 64 96 14 76 99 51 92 30 40 48 41 39 93 42
TEST 27 ARG:37 90 52 83 10 15 19 96 63 23 78 28 47 41 91 2 17 1 21 85 87 97 22 18 38 16 27 93 67 75 95 14 30 82 62 64 46 3 54 76 26 94 4 0 66 7 44 99 48 84 5 98 43 45 13 69 20 50 12 81 92 25 31 70 73 6 35 59 79 60 49 55 39 58 88 61 32 89 29 53 56 40 34 9 80 65 36 11 24 77 68 72 42 51 57 71 74 86 33 8
TEST 28 ARG:83 64 65 73 4 21 96 50 9 75 6 59 61 79 2 3 53 38 69 62 81 28 63 47 12 5 76 77 40 57 8 26 15 71 84 22 74 52 97 86 43 87 92 72 68 95 94 33 11 14 41 16 89 34 31 58 17 56 66 39 35 18 42 85 25 51 60 88 32 27 7 70 49 46 67 24 55 10 1 19 54 82 93 90 91 29 48 20 45 98 36 80 30 0 37 13 44 23 78 99
TEST 29 ARG:91 65 26 5 82 62 78 72 61 9 81 55 31 90 45 44 57 60 33 68 38 35 53 10 30 8 29 23 0 95 88 79 7 42 48 92 77 39 46 41 76 25 37 66 3 20 59 2 64 74 17 93 43 6 99 32 56 4 1 28 86 73 70 58 24 54 11 75 52 87 49 96 94 36 15 12 34 69 80 47 84 89 16 51 14 21 71 18 67 63 40 13 97 22 85 98 19 50 83 27
TEST 30 ARG:85 26 46 36 39 92 35 56 30 54 87 32 74 47 79 5 43 63 13 3 37 77 31 42 58 57 34 69 62 21 14 78 19 53 45 2 8 71 98 16 18 80 20 27 1 52 73 89 55 38 48 60 50 23 65 90 7 70 51 11 17 9 97 49 22 96 41 10 6 28 88 0 99 25 82 93 12 83 64 15 84 91 94 68 67 95 24 4 81 72 44 29 33 86 40 76 59 61 75 66
TEST 31 ARG:78 87 16 6 21 74 72 11 73 12 82 85 95 79 49 41 30 42 80 38 81 67 32 35 69 90 36 64 2 91 94 86 46 7 59 63 53 29 83 93 20 44 98 88 13 18 68 31 92 65 19 10 26 56 25 34 54 43 40 33 28 70 58 51 27 71 8 57 61 45 15 37 84 76 77 62 89 50 75 52 39 0 1 9 97 24 17 55 66 3 60 99 47 48 22 23 4 5 96 14
TEST 32 ARG:74 26 41 56 1 30 31 3 58 44 14 42 78 68 75 86 2 85 88 83 20 39 66 99 67 50 60 87 19 33 81 84 40 89 13 9 92 27 70 57 38 55 28 23 61 52 15 18 96 47 64 54 37 63 34 62 29 45 77 35 69 4 16 22 91 80 7 0 97 65 72 6 43 59 76 12 17 49 11 51 48 53 94 21 71 36 95 93 25 79 46 10 24 90 73 82 8 32 5 98
TEST 33 ARG:55 60 12 17 71 83 81 37 62 1 31 18 40 47 13 15 85 82 70 92 39 96 68 53 28 3 69 97 95 49 9 65 24 27 30 16 61 25 87 10 67 59 86 54 26 46 74 36 64 7 44 51 34 41 80 98 20 21 32 35 33 0 14 78 43 99 66 91 11 42 89 76 8 23 48 4 73 29 58 75 50 84 56 57 94 90 93 19 22 63 77 79 72 88 45 2 38 5 52 6
TEST 34 ARG:59 32 54 1 84 56 26 0 23 28 14 67 66 57 68 48 89 96 85 2 46 44 6 93 58 18 41 19 16 74 73 7 69 62 27 20 34 64 78 70 80 94 65 38 40 37 82 8 3 50 79 12 21 22 42 81 13 86 71 43 87 61 45 60 91 36 97 25 4 51 77 95 90 10 39 47 55 75 24 11 92 76 88 31 33 17 49 35 29 98 63 99 5 9 83 15 30 53 72 52
TEST 35 ARG:60 78 72 6 46 45 58 98 44 81 53 84 17 59 8 99 14 39 57 4 95 37 5 93 85 40 23 51 54 38 25 1 52 36 65 12 96 80 56 2 87 71 77 16 67 49 19 22 73 31 3 10 21 90 28 42 7 68 11 66 15 0 29 32 30 35 88 86 61 9 79 41 55 92 97 48 94 91 43 74 89 26 24 76 47 63 83 82 13 75 33 18 62 34 20 50 27 64 69 70
TEST 36 ARG:6 64 7 35 73 59 90 39 65 12 97 52 5 55 89 29 14 67 30 11 8 2 69 24 79 0 57 92 42 38 98 70 86 47 83 75 95 96 21 32 15 94 66 77 27 40 62 20 9 61 36 44 56 25 26 1 84 99 33 22 60 87 10 3 93 45 17 46 41 58 51 19 82 91 72 76 34 28 13 50 85 49 81 23 63 31 53 54 68 18 37 43 4 78 16 88 71 80 48 74
TEST 37 ARG:98 3 74 59 6 76 69 17 47 27 88 53 82 40 70 14 5 30 38 58 2 78 89 94 42 23 52 65 92 87 77 50 86 95 11 72 96 32 22 54 26 34 51 15 99 44 91 28 62 4 9 12 48 29 31 18 57 85 46 35 73 61 56 81 60 97 7 10 8 37 71 13 75 79 41 39 68 84 67 45 90 21 16 33 1 24 83 49 36 66 55 63 0 19 25 80 93 43 20 64
TEST 38 ARG:80 36 78 27 0 31 84 24 97 35 66 38 74 88 98 54 34 89 70 86 44 67 61 21 65 76 92 53 6 19 91 96 13 18 56 77 71 20 73 8 55 25 46 10 41 69 58 49 85 16 64 68 72 50 2 82 9 75 39 47 33 79 51 29 45 32 14 4 90 28 23 30 43 12 37 99 5 17 22 83 1 42 48 15 60 59 40 11 57 95 3 93 52 87 63 26 7 94 62 81
TEST 39 ARG:52 4 0 75 15 39 3 22 80 33 50 60 85 21 63 48 11 43 10 70 24 44 51 19 42 40 65 92 6 98 20 25 29 30 57 87 67 45 36 91 14 27 54 16 74 82 64 68 34 18 26 97 23 41 73 90 47 95 72 62 84 79 66 89 46 77 2 86 61 37 38 12 69 7 78 28 59 17 58 94 8 56 55 53 1 9 83 81 88 35 96 93 32 5 76 71 99 13 31 49
TEST 40 ARG:90 45 69 19 85 56 44 40 58 27 43 55 32 80 9 38 34 91 49 50 13 59 93 67 8 70 92 36 83 97 25 21 1 61 89 29 37 28 79 54 68 87 39 14 18 51 77 82 4 7 47 95 16 65 84 60 75 71 86 6 22 88 30 48 31 23 74 5 3 52 99 96 57 33 62 72 42 81 98 17 2 73 20 24 41 26 53 15 11 35 46 64 63 78 66 10 76 94 12 0
TEST 41 ARG:72 21 10 28 14 44 96 26 93 62 4 52 65 73 71 57 54 61 41 31 16 79 11 80 5 33 13 88 49 86 75 97 37 22 0 55 78 56 90 60 95 30 48 67 84 34 45 77 39 35 66 1 94 40 76 87 29 68 25 43 7 91 18 92 51 99 69 27 23 53 82 6 8 59 9 74 64 24 63 19 58 81 98 38 20 70 32 42 50 89 46 17 47 83 2 3 85 12 36 15
TEST 42 ARG:88 5 26 20 19 67 80 63 51 98 97 46 54 42 79 92 77 74 45 23 15 95 55 41 57 84 65 47 30 25 7 49 9 3 4 22 75 61 73 96 12 60 66 28 24 68 10 82 27 72 87 38 76 83 81 16 99 78 35 70 8 50 21 37 14 58 44 64 40 17 2 52 11 43 89 18 56 39 31 13 91 0 59 53 48 33 29 71 85 93 6 90 86 32 1 36 94 34 69 62
TEST 43 ARG:3 6 58 50 84 33 42 63 47 0 9 30 69 99 54 32 36 71 60 81 24 8 91 74 27 51 29 65 43 14 35 12 5 45 31 23 28 53 90 2 44 26 72 57 70 39 25 37 1 77 98 92 46 10 56 95 93 13 78 67 75 38 11 79 21 61 68 40 87 34 20 16 4 55 49 80 97 17 82 59 64 83 41 76 66 85 86 7 96 62 18 89 94 19 48 88 73 15 52 22
TEST 44 ARG:28 48 96 58 24 77 10 44 75 11 54 4 84 70 66 15 19 39 64 52 69 63 89 37 73 49 80 26 20 60 55 16 36 43 13 53 22 30 99 31 57 95 38 42 2 9 59 7 81 18 6 29 35 21 98 3 27 34 51 87 65 41 86 33 5 40 88 90 23 92 71 45 32 17 56 14 0 74 67 50 76 97 62 68 85 46 79 1 82 83 8 91 47 72 93 12 25 78 94 61
TEST 45 ARG:71 77 86 66 52 83 95 9 85 59 49 69 10 15 57 47 35 31 24 72 97 48 38 4 2 27 65 80 64 26 91 17 51 82 44 13 12 29 0 33 5 93 41 63 60 70 30 11 23 3 92 40 16 28 32 94 25 42 43 90 21 89 14 53 78 73 50 75 18 61 37 45 67 88 84 19 46 99 56 98 87 36 8 1 62 81 39 7 22 20 34 54 74 6 96 79 55 68 76 58
TEST 46 ARG:24 22 44 68 85 72 18 50 28 61 78 64 33 70 30 38 65 6 71 91 34 99 32 89 55 11 82 69 88 83 59 84 19 81 54 73 58 4 43 26 31 77 75 42 23 46 56 48 98 2 20 97 36 96 0 27 60 45 87 15 17 29 3 39 13 5 21 49 53 10 8 47 63 90 35 79 16 51 41 7 62 37 80 95 12 9 40 66 74 14 76 86 57 25 92 1 67 52 93 94
TEST 47 ARG:70 74 49 85 53 91 6 54 21 12 5 23 57 86 79 67 20 59 93 50 1 31 61 25 60 76 14 92 43 7 63 58 65 55 22 41 81 71 19 88 51 82 13 95 80 87 75 96 26 48 73 29 52 11 42 34 2 32 35 4 37 90 8 24 28 72 10 33 18 83 97 30 69 56 9 99 94 40 46 0 44 66 89 36 77 47 27 15 98 64 16 68 84 62 45 38 17 39 3 78
TEST 48 ARG:28 82 57 50 26 43 91 47 30 87 9 34 62 65 27 88 85 55 19 15 80 25 53 3 39 18 7 52 73 40 56 99 35 51 6 76 96 83 38 12 48 24 36 8 2 10 84 66 42 5 69 78 14 23 74 86 32 59 92 77 4 33 90 93 1 11 58 63 95 94 17 44 37 97 45 13 81 29 54 98 79 22 70 67 31 49 71 60 75 16 68 20 21 89 72 64 46 61 41 0
TEST 49 ARG:68 35 33 5 25 99 89 93 38 1 65 62 15 94 4 6 0 54 71 67 98 14 70 49 51 88 72 9 13 44 43 96 75 32 87 73 11 39 91 61 64 48 86 18 22 17 57 42 20 7 50 2 41 21 97 92 29 30 45 69 26 46 77 66 84 31 52 58 8 63 34 12 24 82 36 79 19 28 27 3 53 76 47 40 60 55 59 95 80 10 23 74 85 16 83 37 56 90 81 78
TEST 50 ARG:4 79 39 49 18 57 26 54 86 63 87 75 1 46 31 78 64 23 8 2 97 85 47 48 83 53 3 56 17 12 43 89 70 88 98 72 15 40 0 59 29 91 76 92 19 16 11 68 80 32 96 25 30 14 69 66 34 35 9 13 37 93 81 41 52 58 10 71 50 60 90 62 61 22 55 44 99 73 82 24 36 28 20 94 95 45 6 67 77 74 51 7 42 27 5 84 33 65 21 38
TEST 51 ARG:57 14 75 78 37 97 17 31 27 19 82 90 5 33 16 54 25 86 3 50 92 96 24 32 79 66 0 68 9 60 64 20 1 87 53 61 63 35 52 56 94 11 38 48 89 13 81 41 6 51 34 30 49 29 71 12 21 36 62 70 99 8 93 85 73 7 42 2 15 28 88 43 58 98 39 47 95 45 72 44 4 59 84 83 23 10 76 40 69 18 80 77 91 26 65 22 46 67 55 74
TEST 52 ARG:8 69 12 19 11 18 87 50 22 17 39 80 70 75 26 65 97 94 34 66 38 64 89 82 3 53 90 45 57 31 23 77 79 91 42 68 35 61 78 15 74 16 58 7 25 95 4 46 71 85 13 98 48 1 2 14 92 0 93 88 81 63 72 96 49 86 28 6 52 37 29 5 47 83 33 43 99 59 56 27 51 36 67 21 44 30 54 55 41 20 76 32 60 73 9 62 10 84 24 40
TEST 53 ARG:88 99 42 79 68 90 80 8 24 98 9 73 83 41 6 76 67 85 56 75 59 25 81 44 55 34 50 26 1 22 23 52 40 92 91 16 14 74 43 78 10 97 13 4 60 70 30 33 5 58 12 11 38 47 29 32 57 31 7 35 84 77 3 45 21 64 61 72 39 18 66 36 48 20 65 87 51 71 54 82 19 2 69 37 27 63 17 15 0 93 49 94 96 86 46 53 95 28 89 62
TEST 54 ARG:48 39 8 97 72 35 50 62 89 13 0 94 51 49 56 34 99 18 52 11 38 45 71 16 42 90 92 81 83 85 65 69 76 66 27 22 33 59 1 2 55 5 9 12 96 44 80 73 4 21 25 95 77 40 75 30 15 58 84 31 3 19 36 47 41 14 10 23 37 53 70 7 6 88 78 63 46 32 60 74 54 43 61 91 86 64 29 87 67 68 17 98 24 20 82 28 57 93 79 26
TEST 55 ARG:78 62 77 28 23 38 64 26 1 63 10 53 32 21 99 36 68 15 44 17 11 43 52 31 74 82 41 61 57 19 67 75 70 58 34 42 71 50 60 13 90 33 76 81 3 4 98 84 83 25 80 92 37 2 56 88 69 24 85 86 6 45 49 14 89 54 30 27 66 8 12 79 5 93 39 40 91 72 18 47 46 97 87 35 96 94 95 29 20 22 48 59 65 55 73 7 16 51 0 9
TEST 56 ARG:92 10 79 42 34 56 82 71 16 31 14 40 50 65 8 6 4 32 19 95 44 88 51 90 96 15 87 43 73 27 25 52 97 48 63 9 3 38 26 55 68 46 41 37 69 78 30 49 75 33 29 80 13 18 64 81 66 21 60 76 35 89 45 57 54 22 5 98 11 91 85 28 67 84 7 62 39 77 47 61 72 74 17 70 99 94 0 24 86 59 58 36 53 20 93 2 1 23 12 83
TEST 57 ARG:86 98 30 1 58 15 6 19 92 71 87 31 94 75 10 59 63 44 25 49 43 4 40 85 22 3 5 26 14 37 91 55 38 13 79 24 8 60 18 12 88 28 97 69 96 82 52 74 64 23 17 41 66 57 0 76 78 62 81 34 35 67 27 21 7 90 95 84 53 65 46 33 9 16 73 51 99 54 61 93 83 77 39 11 42 80 20 50 32 48 89 29 36 2 72 56 68 45 70 47
TEST 58 ARG:33 28 42 16 13 58 23 46 5 8 62 95 36 98 59 67 91 22 37 63 68 57 19 43 55 11 92 50 88 87 20 93 72 49 80 15 97 60 40 82 25 54 86 18 66 94 2 32 65 71 70 99 53 29 4 52 51 77 47 3 26 48 78 89 24 83 64 17 73 81 44 1 31 45 6 21 85 14 90 61 10 56 38 84 0 76 27 12 34 35 69 74 75 41 79 9 30 7 39 96
TEST 59 ARG:16 13 90 3 19 6 65 91 43 68 29 18 80 21 96 53 97 58 94 4 17 52 61 39 11 27 81 7 76 33 1 44 86 56 77 5 59 74 0 30 95 60 72 32 64 69 85 47 55 40 92 63 23 38 62 34 2 78 24 15 70 66 9 99 8 83 87 88 20 67 22 98 73 89 36 82 93 48 50 28 25 10 49 12 75 42 51 79 84 31 57 46 37 54 35 45 14 71 26 41
TEST 60 ARG:99 71 80 9 97 6 95 42 21 87 45 41 69 67 70 57 98 64 96 18 30 38 12 50 61 94 91 78 73 3 54 10 43 32 82 26 46 34 55 72 2 62 51 19 40 22 7 35 44 93 11 23 48 89 31 85 5 20 24 13 63 15 76 68 25 88 14 47 56 37 33 1 39 36 17 66 49 53 77 27 59 16 29 65 81 84 60 90 75 4 58 86 28 74 92 8 52 83 0 79
TEST 61 ARG:36 27 29 79 23 26 48 46 82 24 12 7 2 68 59 70 28 0 13 60 16 65 90 88 54 25 89 32 64 91 31 81 33 1 76 40 34 85 15 52 44 17 53 58 50 9 72 83 78 75 73 77 42 8 51 37 20 92 97 45 61 49 43 41 99 94 86 30 11 57 22 55 98 69 56 3 74 38 80 84 67 95 10 71 19 87 4 6 93 35 5 47 66 14 21 62 39 18 63 96
TEST 62 ARG:44 52 17 25 38 95 47 33 97 24 30 84 20 14 34 16 2 89 87 56 63 83 55 74 26 64 85 65 73 48 67 31 0 36 46 54 13 29 6 12 82 4 98 15 11 71 59 10 3 51 21 79 80 28 43 76 50 8 57 93 70 35 96 92 69 23 41 91 32 9 88 27 5 66 53 19 58 72 7 45 68 62 94 40 75 86 49 99 60 90 37 39 61 42 22 1 78 77 18 81
TEST 63 ARG:25 65 68 79 19 4 22 75 6 92 47 73 95 36 21 3 27 46 82 39 52 80 30 13 5 58 84 9 15 91 86 42 69 71 61 51 18 74 59 16 2 66 77 83 89 49 97 63 33 96 29 38 53 43 90 64 44 12 26 10 88 35 48 11 17 54 67 55 20 98 62 8 87 40 72 85 70 60 81 78 34 37 93 0 50 56 23 99 1 24 28 32 76 14 57 41 94 31 7 45
TEST 64 ARG:79 29 54 33 24 89 93 50 14 97 31 82 16 77 3 96 75 17 4 10 22 38 53 92 95 66 1 37 65 46 0 43 94 70 30 90 20 35 11 74 85 73 86 47 28 55 25 58 39 2 41 99 98 6 62 69 34 8 60 91 80 63 52 18 83 88 15 26 71 49 81 36 23 7 48 61 42 40 68 27 51 13 84 57 56 21 9 59 32 45 19 12 76 5 87 64 67 44 78 72
TEST 65 ARG:50 93 20 65 29 87 58 80 9 14 0 18 32 3 24 67 54 70 57 91 73 96 19 37 49 75 17 16 26 78 44 34 68 76 66 7 64 11 92 22 94 85 45 61 99 83 88 46 98 55 30 43 53 82 2 48 63 84 6 27 74 23 79 28 69 62 72 77 8 35 71 81 36 40 89 52 4 90 56 10 25 51 1 31 12 86 60 97 39 95 47 21 5 33 13 42 38 41 15 59
TEST 66 ARG:23 30 53 18 98 11 44 21 36 2 57 59 34 94 14 50 70 60 24 96 0 19 26 52 46 3 9 92 32 56 67 20 13 40 71 5 55 97 8 99 73 48 35 76 82 31 72 84 42 79 62 22 17 95 12 15 63 1 74 93 51 29 27 75 16 89 45 87 38 4 91 49 41 61 43 86 47 7 54 77 64 28 68 90 85 10 37 81 83 65 88 33 58 78 6 39 69 25 80 66
TEST 67 ARG:10 1 67 82 24 11 44 51 68 55 53 7 87 30 96 98 2 25 45 54 5 50 22 36 72 37 69 46 66 42 23 74 65 21 56 3 41 85 15 94 52 86 34 61 91 4 57 70 39 81 80 8 14 99 79 88 26 49 16 47 43 19 83 84 31 89 18 60 35 0 77 6 28 78 33 20 13 97 32 38 92 62 95 17 63 73 48 12 27 9 93 75 40 64 71 59 76 29 90 58
TEST 68 ARG:80 94 58 81 33 6 1 95 84 43 89 79 44 14 16 76 54 20 34 41 56 64 27 40 97 85 62 46 32 9 86 78 28 42 45 53 10 49 21 30 59 35 5 8 72 98 55 29 74 52 66 92 15 50 12 19 75 73 65 68 67 0 83 77 57 11 31 88 18 96 47 87 51 25 71 23 2 63 4 90 3 38 26 69 7 61 48 17 82 39 13 70 37 60 93 91 36 22 99 24
TEST 69 ARG:18 62 96 16 23 89 36 71 28 8 45 25 54 26 92 49 81 56 47 39 48 97 84 75 9 37 33 60 51 15 95 79 24 42 61 11 57 72 0 90 19 76 58 66 86 87 43 52 88 77 38 91 74 40 35 69 59 68 98 29 10 6 4 32 21 44 31 7 27 46 80 17 3 12 73 50 63 64 83 55 94 82 41 22 34 67 14 13 30 70 93 65 2 78 1 20 85 53 5 99
TEST 70 ARG:12 93 62 52 92 39 47 73 54 23 75 68 69 43 28 71 27 35 99 57 88 91 6 18 3 11 56 51 58 67 4 63 79 83 90 33 24 32 45 46 78 59 1 8 70 9 66 19 7 49 30 72 25 85 96 86 97 64 36 44 94 26 82 21 34 14 20 74 5 40 89 22 2 65 87 31 84 95 38 29 76 98 81 55 60 42 0 50 53 37 13 41 61 48 77 17 15 10 16 80
TEST 71 ARG:14 89 10 48 38 75 35 56 25 2 54 12 55 53 39 46 65 93 37 83 41 51 43 79 74 19 7 72 69 88 70 21 90 63 20 13 71 58 91 5 8 4 44 67 33 11 77 85 96 34 92 40 59 98 80 52 86 87 57 81 17 30 64 68 6 42 47 73 84 26 9 27 29 23 0 95 50 1 82 62 15 28 76 16 66 22 24 3 78 97 32 31 99 18 49 94 60 61 36 45
TEST 72 ARG:17 22 34 28 6 12 85 46 83 56 24 63 59 15 73 3 86 93 0 47 37 38 32 74 45 69 11 23 8 61 21 29 75 39 95 9 35 62 52 78 84 80 87 91 55 76 14 5 48 44 51 89 25 72 10 1 40 90 54 30 71 94 7 16 68 27 96 64 26 36 98 60 4 50 67 41 19 97 49 58 77 66 65 99 33 82 31 18 88 2 53 42 43 81 57 70 92 20 79 13
TEST 73 ARG:74 3 14 93 40 99 60 59 21 63 91 82 97 2 88 13 23 64 81 70 41 11 36 9 47 52 90 76 83 48 73 43 0 72 19 45 35 28 98 87 77 71 17 50 55 84 44 29 32 38 37 22 30 16 67 26 92 4 46 33 56 75 51 8 12 15 68 66 18 49 89 42 34 78 79 24 62 25 39 58 7 85 61 1 80 54 94 31 5 20 86 69 96 95 27 6 10 53 65 57
TEST 74 ARG:4 39 79 74 68 58 86 8 47 99 33 72 19 95 70 41 89 80 22 52 50 20 38 26 23 82 76 59 46 30 62 18 64 55 57 27 96 75 83 63 84 34 9 10 69 43 66 51 60 77 93 48 35 15 29 16 56 98 61 17 36 40 53 73 67 24 65 97 28 85 81 88 44 2 31 13 21 1 49 0 37 25 5 94 12 32 7 90 6 54 42 3 14 11 71 78 87 91 92 45
TEST 75 ARG:38 65 96 56 41 43 53 16 3 51 32 97 64 7 11 20 44 94 5 82 58 45 37 46 50 4 34 40 71 61 39 55 29 21 88 90 54 87 67 12 78 30 93 6 99 63 25 69 95 75 13 48 9 10 98 17 73 18 66 36 79 72 80 28 47 8 92 62 33 52 27 31 14 86 1 49 68 0 23 59 70 85 42 83 22 60 26 76 24 91 77 84 2 35 19 89 81 15 57 74
TEST 76 ARG:86 80 7 50 3 30 58 53 24 70 94 48 22 6 33 90 35 12 32 88 66 97 51 67 45 4 34 56 14 60 95 92 44 76 39 49 40 15 64 87 57 69 72 38 62 27 83 0 93 20 21 63 8 81 68 79 19 23 46 18 54 17 73 37 98 11 16 5 26 1 47 42 65 99 41 55 78 82 61 2 10 13 96 43 75 89 91 77 52 9 59 36 85 31 74 29 71 84 25 28
TEST 77 ARG:25 56 72 73 3 70 46 55 82 79 1 32 58 16 97 61 99 36 63 47 90 67 0 59 21 31 11 77 44 18 80 17 4 41 8 95 15 78 54 75 84 27 57 64 12 51 13 74 43 38 14 19 53 62 49 35 93 33 48 71 87 45 22 50 34 40 10 37 89 86 69 94 81 6 5 28 26 60 96 52 66 88 20 68 65 30 29 91 9 24 39 2 83 42 98 92 23 85 7 76
TEST 78 ARG:39 43 54 4 12 26 40 81 96 99 29 75 9 70 41 7 2 42 24 84 73 48 64 90 15 87 13 89 63 3 1 14 56 76 37 19 23 35 20 34 0 45 53 55 38 22 61 52 51 92 17 11 97 57 93 59 74 10 5 65 16 33 62 18 83 58 44 36 82 27 25 47 77 85 46 78 66 60 72 28 91 30 21 86 80 32 98 31 95 69 94 88 68 79 71 49 8 6 67 50
TEST 79 ARG:67 96 12 66 14 68 1 31 74 83 70 0 17 73 5 57 6 85 65 16 94 64 47 59 99 11 90 27 71 93 78 24 72 43 8 37 35 29 9 22 52 50 26 53 55 39 69 38 3 7 92 41 4 97 34 28 76 42 56 2 10 80 84 86 91 61 88 89 54 87 44 36 13 95 98 46 75 62 48 82 51 58 49 40 79 32 60 18 81 15 77 33 63 23 19 30 25 21 20 45
TEST 80 ARG:28 49 81 24 78 21 45 52 31 82 96 4 90 3 5 23 51 61 93 72 34 10 65 54 22 57 13 97 47 14 25 87 79 26 56 67 59 33 70 17 40 71 63 55 46 15 41 1 37 76 80 92 9 19 69 99 11 83 98 20 2 48 43 73 64 95 42 32 89 91 12 94 8 75 30 53 39 0 6 38 66 86 27 35 74 77 36 44 50 85 68 62 60 29 88 16 18 84 58 7
TEST 81 ARG:16 74 52 3 11 75 27 82 81 91 20 28 72 37 80 21 26 84 31 6 42 39 34 63 43 58 19 23 46 1 92 97 99 25 18 77 71 96 89 45 61 73 64 83 68 57 36 48 29 51 54 41 44 78 76 55 32 40 22 62 10 14 30 60 53 98 17 85 8 0 87 93 7 95 67 33 59 24 12 15 88 9 70 49 47 90 69 2 86 13 35 94 65 50 38 79 4 56 66 5
TEST 82 ARG:91 35 30 45 65 86 22 3 92 27 77 43 70 59 79 7 57 26 67 20 25 55 53 21 71 8 51 47 52 38 94 33 24 49 41 37 73 84 96 99 93 95 2 56 62 42 6 80 4 0 48 36 72 50 46 11 83 76 40 16 61 5 39 31 89 66 14 29 78 90 85 98 54 87 88 17 12 58 13 69 63 10 9 1 97 82 44 68 64 60 15 18 32 34 74 28 23 75 19 81
TEST 83 ARG:27 56 85 59 57 72 9 87 13 8 63 76 40 97 44 2 21 18 5 15 35 22 37 65 58 60 73 66 17 12 93 62 50 55 89 84 82 92 36 61 81 31 4 42 41 39 67 7 30 88 99 28 68 77 52 24 54 69 64 0 53 95 70 49 86 51 45 14 33 79 19 78 23 43 29 11 75 32 47 80 3 10 16 74 71 98 25 91 96 6 26 90 34 1 38 83 46 20 94 48
TEST 84 ARG:64 34 43 2 80 87 99 47 52 86 67 88 46 55 95 20 44 94 10 74 66 17 98 39 96 50 63 21 79 65 54 30 28 91 89 16 36 29 60 92 68 7 11 48 1 61 75 24 58 78 25 23 0 13 77 82 45 93 42 76 41 81 14 3 97 85 40 84 5 32 51 37 83 6 56 19 69 70 59 27 73 26 15 71 49 33 18 9 12 35 53 72 4 8 22 38 62 57 31 90
TEST 85 ARG:82 55 71 89 88 1 36 70 79 93 40 41 74 19 9 2 31 69 94 61 47 3 26 58 22 42 13 14 7 60 62 49 24 56 12 18 95 81 67 64 23 32 4 78 21 98 15 77 99 17 5 20 75 33 97 16 96 43 29 86 54 83 45 63 92 28 0 72 90 46 73 11 38 50 34 30 51 68 91 37 84 10 57 44 87 8 76 35 27 39 53 25 66 52 6 65 48 80 59 85
TEST 86 ARG:42 17 60 98 82 11 96 10 84 58 41 55 74 79 31 27 85 38 75 44 8 62 22 72 56 71 26 6 3 16 59 65 77 4 14 57 21 18 87 52 94 89 91 95 73 83 15 70 34 47 66 76 51 12 67 63 86 69 35 90 7 53 48 40 20 13 39 43 99 78 9 93 33 61 19 1 46 32 81 30 28 0 54 23 29 49 68 97 50 37 45 25 92 5 36 24 2 64 88 80
TEST 87 ARG:10 98 63 59 6 42 24 36 82 19 87 33 48 0 15 95 99 46 70 97 88 72 52 50 85 44 8 79 75 66 84 51 13 39 16 91 17 32 26 1 55 12 40 93 11 25 18 65 69 7 30 20 31 64 41 73 68 27 23 35 61 71 57 76 38 53 83 21 45 80 9 96 47 74 2 58 78 5 34 62 77 86 43 94 22 4 89 29 54 60 67 92 81 3 49 14 56 28 37 90
TEST 89 ARG:61 32 19 65 50 53 21 29 55 78 17 56 4 59 26 15 37 86 7 24 54 96 3 63 93 20 89 94 16 12 76 2 84 33 88 46 18 6 98 11 58 25 30 92 23 64 62 69 79 14 95 42 66 67 8 34 74 27 77 38 36 47 68 35 9 72 60 5 52 48 40 39 85 70 0 87 75 73 91 57 43 82 90 22 97 28 99 10 1 83 81 71 13 44 41 31 51 80 49 45
TEST 90 ARG:72 91 29 69 10 78 28 20 24 52 60 77 66 47 84 26 62 74 57 5 18 59 31 38 34 53 7 21 44 63 85 41 15 83 23 16 3 70 71 99 87 9 56 46 11 42 51 12 61 48 30 90 86 40 89 33 81 43 97 94 22 2 4 32 67 25 17 88 49 98 0 79 95 13 8 14 76 27 68 1 93 6 82 45 54 92 73 37 35 58 96 80 50 19 36 64 75 39 65 55
TEST 91 ARG:59 81 71 88 51 78 64 10 20 18 16 19 33 94 36 9 8 14 44 21 93 96 40 85 60 77 55 22 7 75 84 42 90 41 38 82 86 79 43 12 47 46 48 80 3 17 11 5 2 74 23 89 66 37 54 6 50 35 39 31 98 67 72 30 57 99 97 65 83 28 0 24 70 27 73 92 68 69 34 1 56 26 29 4 76 62 61 87 15 63 58 91 53 95 45 49 13 25 52 32
TEST 92 ARG:49 65 67 99 24 16 58 0 74 73 28 34 56 3 43 18 57 29 12 45 94 60 95 32 4 51 71 62 53 86 37 50 14 77 70 11 82 92 30 10 35 25 97 41 1 79 89 2 96 59 93 76 15 48 75 85 39 98 27 42 22 63 55 5 26 84 8 52 80 33 68 87 78 40 21 90 6 66 91 88 47 38 64 83 72 19 46 81 69 13 44 17 54 36 61 7 20 23 31 9
TEST 93 ARG:57 48 22 54 89 74 46 96 92 60 30 65 11 67 49 90 53 91 99 12 59 62 72 69 42 32 81 58 43 23 35 94 50 77 70 24 38 13 87 44 6 37 1 98 40 31 51 80 36 14 61 76 4 75 7 3 55 18 56 27 79 85 66 95 2 83 9 97 52 0 68 45 78 82 93 19 17 20 63 26 47 25 5 71 10 16 29 86 39 73 28 15 34 64 33 41 84 88 8 21
TEST 94 ARG:65 50 97 30 32 39 28 14 74 46 43 49 58 92 95 61 75 94 24 90 69 54 21 85 45 0 36 77 56 15 93 33 18 73 13 42 59 2 70 63 83 22 81 60 53 8 48 80 19 78 89 55 96 26 62 67 6 3 23 99 41 72 27 37 51 7 71 10 86 16 17 34 91 47 66 68 31 82 1 79 4 35 52 5 84 38 87 40 25 20 44 11 76 98 9 57 29 88 12 64
TEST 95 ARG:28 73 86 80 30 26 11 63 34 79 66 9 25 84 78 32 45 98 5 7 85 97 33 53 93 89 50 41 69 3 44 35 12 77 90 2 19 51 72 95 23 71 24 37 91 61 92 58 36 38 67 68 15 6 49 42 62 47 8 18 99 46 0 60 81 20 74 1 54 52 22 16 14 65 57 88 56 13 59 55 76 39 4 87 31 70 48 27 94 21 82 29 83 17 96 10 40 43 75 64
TEST 96 ARG:61 98 48 92 75 28 53 44 51 66 68 19 62 22 58 11 2 97 76 72 10 99 82 9 8 16 93 18 7 56 12 84 77 27 79 86 70 42 71 21 95 20 24 33 89 83 32 54 78 38 73 30 46 57 45 63 64 37 35 60 1 40 15 23 69 34 59 43 55 74 39 85 65 67 0 36 50 81 96 47 80 4 87 17 6 49 88 91 5 3 90 29 26 52 41 31 94 13 14 25
TEST 97 ARG:64 48 85 76 20 87 73 86 53 80 81 1 74 5 67 54 89 92 83 9 23 77 0 32 50 90 75 30 61 68 25 51 42 15 66 59 17 26 29 24 55 65 3 18 22 28 14 62 16 69 58 34 79 46 56 71 82 39 36 99 13 38 57 37 98 97 11 41 84 43 94 47 12 45 31 40 93 27 78 70 96 4 60 91 88 10 2 8 33 52 6 35 7 72 21 44 95 63 49 19
TEST 98 ARG:63 11 39 64 23 82 95 70 65 47 71 3 83 44 49 80 96 25 17 1 98 42 9 73 90 37 36 43 68 58 38 45 33 62 52 55 0 13 67 16 89 24 87 86 93 28 29 5 15 22 14 8 34 60 10 48 46 18 69 57 72 81 41 51 35 54 4 84 99 76 88 20 91 97 53 85 19 66 59 78 30 31 94 75 61 92 7 56 40 21 27 2 79 6 74 50 77 26 32 12
TEST 99 ARG:92 17 51 59 88 35 73 6 37 93 45 46 27 39 30 77 19 18 10 66 58 65 25 63 75 11 76 61 3 86 28 71 41 29 40 96 42 31 36 81 79 34 82 33 2 69 60 44 0 20 56 24 16 12 97 70 15 80 48 67 94 52 14 72 98 21 95 84 49 64 57 22 7 91 8 62 68 32 90 38 78 55 5 99 74 89 43 83 26 50 9 54 1 53 85 47 4 23 87 13
TEST 100 ARG:34 44 80 11 0 28 70 68 33 40 27 98 19 93 53 87 79 59 58 46 65 52 89 9 25 66 61 84 56 5 15 32 1 90 14 74 83 76 69 41 77 97 20 55 57 16 3 63 50 47 37 26 72 99 10 73 4 18 31 54 12 13 86 35 38 2 94 92 43 24 71 6 8 60 30 91 62 81 29 23 96 67 45 49 75 22 39 17 21 78 48 42 88 95 7 64 82 36 51 85
TEST 101 ARG:43 49 0 22 65 5 91 81 87 17 44 10 21 89 74 36 1 11 33 6 50 15 61 41 48 45 68 93 7 85 98 86 52 59 34 73 38 37 75 88 29 58 25 3 46 97 64 90 72 94 57 77 35 78 18 47 67 39 92 24 66 16 19 60 27 56 51 53 71 80 42 30 23 8 32 26 62 70 99 2 82 96 40 13 95 55 63 83 69 28 31 12 79 4 14 9 76 54 20 84
TEST 102 ARG:98 41 27 61 21 0 84 57 70 62 26 46 56 80 79 40 39 50 59 75 35 64 25 73 48 24 20 88 67 17 51 66 95 54 68 52 87 71 96 1 74 37 82 45 90 76 16 9 63 33 72 60 86 42 30 3 83 11 8 5 32 77 99 34 2 15 38 58 97 23 18 65 92 10 94 53 89 6 36 28 44 19 93 31 14 47 13 29 7 85 22 4 12 81 49 78 55 69 43 91
TEST 103 ARG:4 22 28 10 8 81 53 90 54 66 83 89 31 64 2 42 9 96 13 51 75 30 44 52 94 23 84 40 68 26 62 38 78 69 63 19 20 82 57 76 58 93 88 33 97 87 12 65 50 14 15 24 16 60 61 0 85 98 99 92 72 70 35 77 46 1 5 25 59 18 17 79 36 45 27 73 39 56 34 41 3 43 47 21 29 7 91 11 48 67 74 95 55 86 32 6 71 49 80 37
TEST 104 ARG:67 88 11 92 1 30 14 66 5 78 43 54 52 62 99 86 75 79 23 8 90 55 89 59 69 4 94 36 44 63 48 37 51 65 60 93 85 10 18 71 7 24 33 34 9 84 91 98 97 95 50 21 76 47 29 87 35 22 64 41 17 82 15 49 72 12 70 74 25 26 77 28 96 27 32 61 39 13 57 53 42 16 19 56 73 6 46 68 81 80 0 3 83 20 40 2 31 45 38 58
TEST 105 ARG:13 96 30 23 95 58 0 89 36 98 16 78 11 31 82 43 44 9 4 81 71 7 26 73 48 59 70 69 12 68 87 55 25 15 22 93 33 85 66 34 21 84 64 80 51 83 6 67 35 60 37 1 38 8 19 88 18 92 24 79 46 27 41 91 62 39 72 56 75 65 32 76 10 90 77 45 47 52 17 40 86 14 99 63 49 42 74 94 5 28 53 54 61 57 29 3 20 50 2 97
TEST 106 ARG:83 16 30 19 72 21 8 59 89 63 56 38 92 50 4 51 33 69 93 95 6 68 61 53 15 67 87 58 55 88 32 54 10 71 23 41 91 90 52 84 73 36 44 79 29 43 97 81 45 80 26 27 82 49 47 74 75 14 18 1 78 77 86 22 99 37 76 24 35 5 46 48 2 12 17 31 64 96 11 57 13 25 60 85 39 42 65 3 40 98 66 0 70 20 7 94 34 62 9 28
TEST 107 ARG:88 9 6 15 1 68 91 23 31 86 81 10 34 59 55 76 50 17 54 69 48 47 53 24 2 51 70 96 8 39 60 83 3 12 56 75 11 22 73 82 7 92 13 62 44 58 64 36 89 98 40 66 42 18 37 45 43 63 57 87 97 93 19 78 5 77 29 30 67 74 79 28 61 99 72 49 84 33 65 16 71 0 25 32 41 4 95 94 80 52 20 26 90 35 21 38 27 85 14 46
TEST 108 ARG:95 0 81 78 49 40 2 32 86 38 22 98 45 23 85 82 7 58 96 37 55 53 84 91 89 72 11 80 41 18 71 36 59 25 70 94 35 39 13 43 27 21 10 93 66 47 52 17 20 97 15 57 46 87 77 44 61 54 28 90 26 67 29 12 50 76 63 88 5 6 60 56 33 51 1 69 8 74 19 14 75 4 9 92 73 30 79 24 68 16 62 83 34 64 3 48 99 31 42 65
TEST 109 ARG:9 55 39 21 82 44 89 31 2 97 24 95 72 51 60 27 54 28 65 64 62 25 22 40 45 17 20 26 77 47 34 98 46 13 38 19 29 67 92 75 0 14 35 99 85 11 10 37 5 6 23 68 73 84 91 90 56 70 81 63 49 80 83 16 33 59 86 61 3 15 69 50 7 71 57 87 74 94 58 4 48 88 1 41 18 8 93 96 52 30 78 36 42 79 66 76 12 53 32 43
TEST 110 ARG:87 13 24 83 22 94 85 90 25 71 14 33 42 7 95 79 26 10 57 61 78 76 43 36 23 17 75 44 47 98 32 89 55 27 50 96 63 92 99 35 4 51 3 2 38 8 97 37 53 82 70 30 67 49 31 91 74 15 48 29 86 52 93 72 68 62 11 46 54 20 21 66 65 60 41 34 19 84 88 16 18 64 12 45 0 56 39 58 80 69 5 81 28 1 59 9 6 77 73 40
TEST 111 ARG:64 26 59 35 11 76 15 91 57 80 38 19 33 56 22 88 16 5 99 61 42 39 55 65 97 84 83 93 43 32 90 79 95 41 14 73 53 89 54 75 77 44 21 98 4 3 66 46 67 25 86 6 70 12 58 23 92 74 27 24 37 9 20 52 82 71 0 94 40 87 60 45 34 68 30 31 47 51 1 17 36 48 18 8 81 28 69 50 13 7 85 10 2 78 49 96 72 62 63 29
TEST 112 ARG:12 33 48 96 93 86 42 61 57 54 41 14 65 44 68 70 37 78 21 60 30 95 0 20 76 77 62 94 97 88 43 25 19 27 9 39 51 64 50 7 83 38 24 10 35 56 99 52 28 36 74 45 75 15 13 59 66 6 69 81 32 2 63 58 22 91 4 3 67 17 55 72 26 73 71 82 46 89 47 49 23 18 80 79 29 5 31 84 16 85 98 87 53 1 34 90 92 8 11 40
TEST 113 ARG:6 12 5 34 44 53 0 39 52 92 71 72 89 58 9 25 22 66 78 88 59 55 14 65 96 15 95 99 93 80 16 63 84 86 26 97 31 27 11 24 4 74 2 94 49 69 17 42 73 54 8 57 43 45 38 85 50 81 40 48 87 37 1 82 41 35 13 75 68 46 32 21 10 20 76 29 56 91 33 90 47 83 79 36 30 60 23 18 77 3 98 64 62 51 67 70 7 28 61 19
TEST 114 ARG:78 29 69 54 55 7 60 48 28 22 66 97 81 47 59 35 88 65 6 72 45 57 18 14 61 58 77 40 4 27 42 50 25 39 52 80 12 8 84 74 99 9 92 41 24 89 85 46 17 79 32 75 10 11 82 94 13 98 1 83 0 49 90 68 30 21 53 38 2 15 56 70 64 20 86 26 16 51 37 3 93 44 76 33 71 96 19 63 31 34 67 95 23 36 73 5 62 43 87 91
TEST 115 ARG:96 7 72 42 5 33 95 76 37 29 55 77 32 71 30 62 87 56 84 17 70 59 52 14 46 15 93 92 38 36 61 83 67 86 41 51 35 8 73 48 13 66 60 40 34 81 90 75 23 82 24 88 21 50 65 49 64 16 19 94 11 53 68 80 27 99 39 4 57 9 31 47 18 69 78 89 85 74 3 26 2 20 28 44 6 12 58 25 54 63 98 91 97 10 43 79 45 1 0 22
TEST 116 ARG:21 20 89 71 86 65 61 79 8 52 45 81 82 39 4 66 72 3 48 59 38 28 24 62 54 27 13 18 99 46 26 11 32 29 91 40 41 57 94 15 51 43 69 37 88 95 93 30 17 36 22 7 96 84 9 75 42 19 34 58 92 25 49 10 80 23 50 67 35 64 16 97 76 0 12 2 90 6 47 87 73 98 5 63 70 1 56 85 60 14 74 31 78 77 33 44 68 53 83 55
TEST 117 ARG:71 44 7 89 95 28 22 98 36 46 48 37 55 67 65 97 10 63 12 93 32 76 30 99 49 11 57 54 58 38 94 43 50 39 74 88 3 47 24 27 68 25 56 41 91 13 16 31 69 33 77 42 73 2 82 87 84 70 51 59 83 52 19 18 66 40 23 79 85 20 0 1 17 45 34 29 72 35 81 78 14 80 26 8 5 90 6 4 92 64 61 60 86 9 62 15 75 53 21 96
TEST 118 ARG:24 47 53 98 6 70 29 45 3 1 8 92 60 15 62 78 21 80 76 55 89 81 64 27 36 54 10 26 0 59 2 34 17 67 97 46 28 23 87 43 35 77 61 74 48 40 19 31 42 11 51 99 69 25 4 5 94 63 18 82 79 41 30 16 58 68 44 66 84 93 9 13 88 57 65 32 71 86 37 20 49 7 83 73 91 14 22 95 96 85 75 56 50 72 39 33 52 90 38 12
TEST 119 ARG:22 34 64 84 82 29 45 89 13 99 41 87 62 14 73 88 37 90 47 46 56 50 23 36 60 26 70 35 21 25 96 93 48 76 91 9 69 65 57 55 53 28 20 77 61 63 0 49 8 40 15 30 58 33 44 2 72 59 19 51 81 54 94 95 67 75 66 68 11 4 52 42 38 1 98 3 85 17 10 74 18 92 83 31 16 32 97 6 24 79 43 5 39 71 7 12 86 27 78 80
TEST 120 ARG:6 66 14 16 41 62 36 72 65 86 98 30 47 39 58 0 38 70 34 35 32 27 53 56 75 74 3 22 99 63 44 71 57 54 33 37 25 19 55 85 7 81 20 73 67 52 45 88 77 13 48 18 31 68 96 92 42 4 5 97 46 21 95 23 17 60 15 43 9 82 50 1 90 89 93 8 40 79 59 12 87 28 61 11 83 80 78 94 69 76 10 91 49 26 2 51 24 29 64 84
